01100111110000111010010100001000010100000101110011
10010100101000001001100011011111110100111010101100
00010011100011101111111110010011111111000000111011
11100000101010011111000111100000010000100101101111
11100011101100000011010110001100001111001101000101
11011000111001000011101111000001011011101010110010
01101010010011010000011011011010010111011010011001
11110101111001110111010111111111100110100000011111
10011010110100000100100010010101110000001101100101
10100010010001000001101010111111111000000110101110
10011010100111001111110001110001110010100111010000
00111100000110010101000000110111001000011000001001
01111101110000101011000100101001100110001111010011
01011111010110001101011010001111101111100000111110
00011000000010110010100011011000001011100100111000
11010101111000111111011010010110110100111111000101
10101111101010100110010000011001101101101111001010
10010111110000111000100011001010010111101101111001
00100101101010100111010001110111000000100111100010
10001110011010100110000010001111010101100111100100
